64 32 64 64 32 32 64 64 43 64 64 32 32 42 32 64 64 58 32 64 32 32 32 32 32 32 64 64 64 64 64 64 64 64 64 37 46 32 32 32 32 32 32 46 35 45 32 64 32 64 64 64 64 64 32 64 64 32 32 64 37 37 37 64 64 32 64 64 64 64 64 64 64 32 32 32 32 32 32 64 61 45 64 64 64 61 42 46 32 64 32 35 64 64 32 64 32 32 64 32
64 64 32 32 64 64 37 32 32 32 64 64 64 64 32 32 32 64 64 64 64 32 32 64 64 64 32 32 32 32 32 32 32 32 32 32 32 32 42 64 43 32 58 45 32 32 32 32 32 32 32 32 32 32 42 45 64 64 64 64 64 64 37 37 64 32 43 32 32 32 32 32 32 64 64 64 42 32 35 64 32 32 64 32 64 64 64 32 37 32 64 37 45 43 32 64 45 64 64 64
64 32 64 64 64 32 64 37 46 64 64 32 64 45 32 64 64 32 64 64 45 32 64 64 35 64 64 64 64 64 37 43 32 32 32 45 35 37 32 32 46 43 32 32 32 32 46 32 32 32 32 32 32 32 32 32 32 32 32 32 32 64 64 64 32 58 32 64 64 64 64 64 64 64 43 43 64 32 32 64 64 32 64 64 64 32 45 64 37 64 32 61 64 64 64 64 64 64 32 64
32 64 64 64 32 64 64 61 64 32 37 58 32 64 32 32 64 64 64 64 64 32 64 45 43 35 64 45 32 32 64 64 64 32 42 35 64 61 42 45 43 43 43 45 58 32 32 32 46 32 43 32 32 32 32 32 32 32 42 58 32 32 58 64 64 64 32 64 64 42 32 43 32 64 35 42 64 32 45 64 64 45 64 64 32 64 64 61 37 64 32 64 32 46 61 43 32 32 64 32
64 64 64 32 32 64 46 32 64 32 32 64 64 64 64 64 64 64 42 32 64 32 64 61 35 64 42 32 64 43 58 32 42 32 45 58 37 58 43 58 58 46 58 32 43 58 35 35 43 32 45 43 32 32 32 32 32 32 32 32 32 32 32 32 32 32 32 64 64 61 64 45 32 46 61 42 64 32 32 45 35 64 64 32 64 42 32 32 64 64 61 64 35 64 64 64 64 64 64 64
64 64 64 64 64 64 64 32 64 64 64 32 64 32 64 35 45 37 64 64 32 32 64 35 37 64 64 64 64 64 64 64 32 64 64 64 64 32 64 64 64 64 64 64 64 64 64 42 45 61 32 42 46 61 35 43 37 32 61 45 45 46 32 43 58 61 35 32 32 64 64 64 64 64 64 42 64 32 32 64 64 32 64 64 64 32 32 64 64 32 64 32 64 64 64 32 64 64 58 64
32 45 64 42 61 32 64 32 64 64 37 58 64 64 64 42 32 35 64 64 42 32 64 43 35 43 37 61 42 64 42 37 64 64 37 43 64 64 61 32 32 32 64 64 46 42 64 64 64 64 64 64 64 64 32 32 35 37 35 58 32 46 37 32 46 58 61 58 42 32 32 64 64 64 64 64 64 32 35 32 64 64 64 64 64 64 64 32 64 35 43 32 64 37 64 64 64 64 32 64
64 32 64 64 42 32 37 64 32 64 64 64 32 61 43 64 64 64 64 32 32 32 64 64 58 37 64 64 64 64 64 64 64 32 37 42 45 64 64 61 32 32 45 64 58 32 32 32 46 35 58 45 61 64 64 64 64 35 64 61 64 32 37 35 42 43 45 61 61 35 32 32 43 64 43 64 64 32 32 32 64 64 32 37 35 46 64 64 64 37 64 64 64 64 64 64 64 64 37 37
32 64 32 64 64 64 64 64 64 32 64 64 32 42 35 32 32 58 64 64 64 32 64 64 64 45 64 35 42 61 46 58 43 45 45 45 58 43 32 45 61 43 42 64 64 42 32 45 32 43 32 32 32 64 64 32 46 37 64 64 64 64 37 61 58 46 37 43 42 45 64 32 32 64 64 64 64 32 64 64 64 64 32 37 64 35 37 42 37 64 64 32 32 32 43 37 64 37 61 42
64 35 32 64 64 64 37 64 64 64 61 32 64 37 42 64 64 43 37 43 32 32 32 64 64 35 64 64 64 64 64 64 35 64 64 61 46 64 64 32 64 32 32 32 32 64 43 32 46 45 42 35 45 64 32 32 37 32 64 37 43 64 64 64 64 64 42 61 43 35 64 37 32 64 64 64 32 32 37 64 35 64 64 64 37 35 64 64 64 45 32 37 46 46 32 32 32 32 32 64
64 64 32 64 64 64 64 64 64 64 64 32 37 42 61 43 35 64 32 64 32 58 32 64 32 43 35 64 37 46 58 32 32 32 32 32 32 32 32 64 64 35 45 32 32 64 61 32 32 46 64 58 32 32 32 64 64 64 32 32 32 32 32 32 32 64 35 64 37 43 42 61 32 42 37 64 32 32 32 58 43 45 58 37 37 32 35 64 32 32 32 45 58 32 45 61 45 32 43 35
32 64 32 64 42 42 64 32 32 64 64 64 64 37 64 43 35 37 64 64 32 32 32 32 58 37 64 43 61 32 32 32 32 32 32 32 32 32 32 32 32 43 45 32 45 43 45 32 32 32 46 32 42 45 45 43 32 32 32 32 32 32 32 32 32 32 32 32 64 35 64 32 42 64 32 45 32 46 61 64 64 43 32 64 64 64 64 64 32 64 61 58 58 58 58 58 32 45 35 64
64 64 32 58 32 32 32 58 32 58 32 64 32 64 64 64 42 64 32 64 46 32 32 64 64 64 45 45 32 46 32 32 42 64 64 64 64 64 64 45 32 32 61 58 43 32 32 32 32 32 32 61 45 61 45 32 32 64 64 64 64 64 64 37 37 32 61 32 46 37 64 64 37 64 64 32 32 64 37 64 64 42 64 64 32 64 64 32 32 64 32 32 32 32 32 61 64 64 37 64
64 32 58 32 46 58 32 46 45 46 64 32 64 46 32 35 61 64 45 32 32 43 64 64 64 37 45 32 32 58 32 64 64 61 64 32 32 46 64 64 64 32 32 43 43 32 32 32 32 32 32 45 61 45 32 37 64 64 32 32 64 64 64 35 64 64 58 32 32 32 46 42 64 64 64 64 32 32 32 32 35 64 64 64 32 64 64 32 35 64 32 43 43 35 32 32 64 64 32 32
42 45 42 42 46 61 32 32 45 32 61 32 32 64 64 64 37 64 64 46 32 32 64 64 42 61 64 64 64 35 64 64 32 64 58 32 64 42 64 64 64 64 32 61 43 46 32 32 32 46 32 61 61 32 32 64 64 32 32 35 42 64 64 64 32 64 64 64 64 64 37 37 43 64 64 43 32 46 32 64 64 64 32 32 64 64 64 32 32 64 64 61 35 64 64 64 64 42 32 64
32 61 58 32 32 32 46 45 61 45 42 64 32 64 64 64 64 32 32 32 32 64 64 43 45 32 46 43 35 64 64 45 64 64 64 64 64 64 64 64 64 64 43 32 42 43 43 42 37 42 43 42 43 32 64 64 64 64 64 64 64 64 64 64 32 64 37 64 64 58 45 61 45 35 37 64 64 32 32 37 46 64 64 64 64 64 64 64 32 32 64 64 64 32 64 64 64 58 32 64
35 42 42 42 46 58 46 45 32 32 64 64 32 64 64 32 64 64 61 32 32 64 64 64 64 37 35 45 32 32 35 64 58 64 64 64 64 64 64 64 64 64 61 42 64 43 32 32 32 32 32 42 64 32 64 46 64 64 64 64 64 64 64 64 32 64 32 32 32 32 42 43 42 42 64 64 42 43 32 32 64 32 32 32 32 32 64 64 35 32 64 64 42 64 64 64 32 32 32 64
42 32 58 43 37 42 35 64 64 64 64 32 32 64 64 64 64 32 32 32 64 64 64 64 64 42 43 61 45 32 32 64 64 32 64 64 64 64 64 64 32 32 58 32 32 32 32 42 43 45 32 32 32 32 64 64 32 64 64 64 64 64 64 32 64 32 32 32 58 45 61 64 64 64 64 64 64 61 32 32 45 64 64 64 64 64 64 64 64 64 32 32 64 64 64 64 64 64 32 64
64 64 64 64 64 45 42 61 64 64 37 32 64 64 64 45 64 32 32 45 37 64 42 43 61 43 45 61 43 32 32 32 32 32 64 58 32 32 64 32 32 32 32 32 32 64 64 64 64 64 64 35 32 32 32 32 32 32 64 32 32 58 64 32 32 32 32 45 32 61 61 45 58 45 61 37 64 42 32 32 37 37 58 32 64 32 32 32 64 64 35 64 32 32 35 64 64 64 32 64
42 32 32 37 64 64 64 64 64 32 32 64 64 32 64 42 37 37 32 32 32 64 64 64 64 64 64 43 43 61 64 43 61 32 32 32 32 32 32 32 32 32 32 32 32 32 32 64 64 32 32 32 32 32 32 32 32 32 32 58 32 32 32 46 37 61 64 35 43 37 42 37 64 64 64 64 64 61 32 32 35 64 64 64 37 43 35 64 64 64 32 64 64 64 32 32 32 42 64 32
64 64 64 64 64 64 64 32 32 32 64 64 64 64 32 32 42 43 32 32 32 32 64 43 64 37 37 64 42 61 45 32 37 64 64 43 42 61 32 32 46 64 32 32 32 32 32 32 64 32 32 32 32 32 35 64 32 32 32 43 37 43 35 37 35 32 35 61 37 64 64 64 64 64 64 64 37 32 32 32 64 32 58 32 64 64 45 64 32 32 64 64 64 32 64 64 64 64 32 64
58 46 32 32 32 32 32 64 64 64 64 64 42 35 35 64 37 35 42 61 32 32 64 64 64 37 64 46 64 64 37 42 35 32 43 42 43 42 32 45 32 32 61 64 64 64 64 64 64 64 64 64 64 64 46 32 32 46 32 35 61 46 32 32 37 37 64 64 64 32 37 37 35 64 64 64 43 32 32 43 64 58 32 64 64 64 32 43 64 64 64 64 64 64 64 37 64 64 61 64
64 64 64 64 64 64 64 64 64 37 32 46 43 61 58 61 46 61 45 64 32 32 46 32 64 64 64 64 64 64 32 64 37 64 32 42 45 58 32 46 32 32 32 32 32 32 32 32 32 32 32 32 32 32 32 32 32 46 32 46 46 43 58 64 37 35 32 64 64 64 64 42 45 64 64 32 32 32 45 58 42 32 64 64 32 45 35 64 64 37 64 64 32 32 32 64 64 64 64 35
32 61 37 64 32 37 32 32 45 32 35 61 43 42 58 64 32 64 45 32 46 32 32 32 32 64 64 64 64 61 64 64 42 64 37 37 32 61 58 45 46 46 32 32 32 32 32 32 32 32 32 32 32 32 46 32 58 45 45 43 32 61 37 35 32 64 64 64 32 37 64 64 64 32 32 32 46 43 61 58 43 32 32 32 46 61 32 32 64 64 46 32 32 64 64 64 64 32 64 32
64 64 37 32 32 32 32 61 64 64 64 35 35 61 32 43 32 32 32 58 45 61 45 32 32 32 32 64 64 64 64 45 64 64 32 45 42 58 43 45 45 45 43 46 61 46 58 45 46 61 61 61 43 58 61 45 61 61 35 35 37 64 32 64 64 64 32 64 64 64 64 32 32 32 32 58 45 32 58 46 32 61 45 61 58 43 64 64 61 32 64 64 64 64 32 43 64 64 64 32
35 43 42 35 45 46 64 32 32 32 64 43 32 37 37 64 32 61 58 58 32 32 46 45 46 32 32 32 46 64 64 64 64 64 64 64 64 64 64 64 64 37 64 64 64 58 64 35 64 64 64 64 64 64 64 64 64 64 64 64 64 64 64 64 32 58 35 35 32 37 32 32 32 32 32 58 46 58 45 45 32 32 61 58 58 45 43 32 64 64 37 61 45 64 64 43 64 37 64 32
64 35 37 64 64 35 64 64 35 43 42 61 58 61 43 32 32 45 32 46 46 32 32 32 64 46 46 32 32 32 32 32 35 64 43 35 64 64 64 64 64 64 64 64 64 64 64 64 64 64 64 64 64 64 64 64 64 32 42 58 46 64 64 64 64 32 32 32 32 32 32 45 58 64 32 32 32 46 32 46 45 58 45 58 43 45 61 43 43 45 43 37 37 64 35 64 45 64 64 45
61 58 58 32 61 43 58 61 43 61 46 58 58 45 58 58 61 58 45 46 46 32 64 32 32 32 32 32 61 32 32 32 32 64 64 64 64 32 32 32 32 32 32 32 32 32 32 32 32 32 32 32 32 32 32 32 32 32 32 32 32 32 64 64 64 32 32 32 32 64 32 32 32 32 45 64 32 58 58 61 61 45 61 58 45 45 32 32 32 32 32 32 45 61 61 32 32 32 64 45
45 43 46 61 61 42 32 32 32 32 32 32 32 32 46 58 32 32 46 46 32 32 64 46 45 32 32 32 35 32 32 64 64 32 32 32 32 32 32 32 32 32 32 32 32 32 32 32 32 32 32 32 32 32 32 32 32 32 32 32 32 32 32 32 32 45 32 32 32 32 32 32 32 58 32 35 32 32 32 58 32 46 58 46 58 61 32 64 64 64 32 32 32 46 42 64 37 37 64 45
42 43 46 32 32 32 32 64 64 64 64 64 64 32 32 32 32 32 32 32 32 46 42 32 64 46 32 32 45 64 64 32 32 64 64 32 32 64 64 32 32 32 64 64 64 32 32 32 32 64 64 32 64 64 32 32 64 64 64 64 64 32 32 64 32 32 32 32 35 64 32 32 32 64 32 64 64 64 32 32 32 32 32 32 32 64 32 64 43 58 64 43 64 32 32 35 58 37 43 45
42 32 45 32 58 32 64 64 64 35 64 64 64 64 37 32 32 64 64 35 61 64 64 64 35 64 64 64 64 64 32 32 32 64 64 32 32 64 64 32 32 32 64 32 64 64 32 32 32 64 64 32 32 64 64 32 64 64 32 32 64 64 32 64 64 32 32 64 64 32 32 32 64 64 64 64 43 45 61 42 64 35 64 58 32 32 64 64 64 64 64 64 64 64 32 43 58 45 58 32
32 43 43 64 32 32 37 45 32 32 32 32 32 43 32 64 64 61 58 46 46 32 32 32 32 32 32 32 32 32 32 32 32 64 64 35 64 64 64 32 32 61 64 64 64 64 64 32 32 64 64 64 64 64 32 32 64 64 64 64 64 32 32 32 64 64 64 32 32 32 32 32 32 32 32 32 32 32 32 32 45 46 61 35 64 32 64 32 32 32 32 32 64 45 32 58 46 58 58 46
32 32 32 45 32 32 32 64 64 42 32 32 45 37 45 64 42 58 46 58 32 32 32 45 45 32 43 32 32 32 32 32 32 64 64 32 32 64 64 32 32 64 64 32 32 64 64 32 32 64 64 32 32 32 32 32 64 64 32 32 32 32 32 32 64 64 32 32 32 32 32 64 61 32 64 35 32 32 32 32 46 32 32 43 64 32 64 46 32 32 64 64 64 32 32 45 46 46 45 43
32 32 46 32 46 32 32 32 64 37 32 32 32 42 64 32 64 61 46 45 32 64 32 42 43 64 64 32 64 64 32 32 32 64 64 32 32 64 64 32 32 64 64 32 32 64 64 32 32 64 64 32 32 32 32 32 64 64 32 32 32 32 32 32 64 64 32 32 32 32 64 32 64 64 32 64 32 64 32 32 32 45 32 64 32 64 35 32 32 45 64 64 32 32 32 46 58 61 46 46
64 32 32 46 32 32 58 32 64 64 61 32 32 58 64 61 64 35 46 32 32 32 32 32 32 42 64 64 32 35 32 32 32 32 32 32 32 32 32 32 32 32 32 32 32 32 32 32 32 32 32 32 32 32 32 32 32 32 32 32 32 32 32 32 32 32 32 32 32 32 32 32 64 32 61 64 46 32 32 32 64 64 64 64 46 64 58 32 32 37 64 45 32 32 46 45 45 46 32 64
42 32 32 61 64 32 32 32 32 64 64 32 32 32 42 64 32 64 58 42 64 32 32 32 32 32 32 32 32 32 32 32 32 32 32 32 64 64 32 32 64 64 32 32 64 64 32 32 32 64 64 32 32 64 64 32 64 64 64 64 64 32 32 32 32 64 32 32 32 32 32 32 32 32 32 32 32 32 64 64 64 64 42 32 64 42 32 32 45 64 64 32 42 43 43 45 46 32 32 64
32 58 42 42 37 64 32 45 32 61 64 42 32 32 58 64 58 64 43 32 32 32 32 32 32 32 32 64 32 32 64 64 64 64 32 32 32 64 32 32 64 64 32 32 64 32 32 32 32 32 64 32 64 64 32 32 64 64 32 32 32 32 32 32 64 64 64 32 32 32 64 64 64 64 64 32 32 32 32 32 32 32 64 32 64 46 32 32 64 64 32 32 32 32 32 32 45 32 64 64
32 32 32 45 64 32 32 32 32 35 64 64 46 32 32 43 64 32 64 45 32 32 64 64 32 32 32 64 32 32 64 64 32 32 32 32 32 64 64 32 64 64 64 32 64 32 32 32 32 32 32 64 64 32 32 32 64 64 64 64 32 32 32 64 64 32 64 45 32 32 64 64 32 64 64 64 32 32 64 64 32 64 32 35 35 32 32 61 64 42 32 32 32 32 32 46 32 32 64 64
64 64 64 32 32 64 32 46 32 32 46 64 42 32 32 58 64 61 64 35 32 32 64 64 64 64 32 32 64 32 32 64 64 64 64 32 32 32 64 64 64 32 64 64 64 32 32 32 32 32 32 64 46 32 32 32 64 32 32 32 32 32 64 64 64 64 64 64 32 32 64 64 32 32 64 64 32 32 64 64 32 64 32 64 43 32 32 64 64 32 32 32 43 61 35 58 32 64 64 32
32 32 32 32 58 64 32 32 58 32 32 64 64 46 32 32 43 37 32 64 42 32 64 64 32 32 64 64 64 32 32 64 64 32 32 32 32 32 64 64 32 32 64 64 32 32 32 32 32 32 64 64 64 32 32 64 64 64 64 32 32 64 64 32 32 32 64 64 32 64 64 32 64 64 32 32 32 64 64 32 43 64 43 64 32 32 61 64 32 43 64 37 42 64 64 35 32 32 32 32
64 32 43 32 45 64 64 32 32 32 32 58 64 37 32 32 46 64 43 42 64 32 32 64 64 32 32 32 64 64 32 64 64 64 64 64 32 32 32 32 32 32 32 32 32 32 32 32 32 32 32 32 32 32 32 32 32 32 32 32 32 64 64 32 32 32 64 64 32 64 64 32 64 64 32 32 32 64 32 32 64 32 64 61 32 32 64 64 32 64 64 64 64 64 64 32 32 32 32 64
64 32 46 43 58 42 64 32 32 32 32 32 64 64 43 32 32 43 64 32 64 37 32 32 64 64 32 32 32 32 32 32 32 32 32 32 32 32 32 32 32 32 32 32 32 32 32 32 32 32 32 32 32 32 32 32 32 32 32 32 32 32 32 32 32 32 32 32 32 64 64 32 32 64 64 32 64 32 32 42 64 45 64 58 32 45 64 35 46 64 64 64 35 61 32 32 64 64 64 64
64 64 32 61 61 43 64 32 32 58 32 32 46 64 61 32 32 32 32 32 61 42 42 32 32 32 32 32 32 32 32 32 32 32 32 64 64 64 64 64 64 64 64 64 64 64 64 64 64 64 64 64 64 64 64 64 64 64 64 64 64 64 64 64 64 32 32 32 32 32 32 32 32 32 32 32 32 32 43 64 32 58 32 32 32 32 64 46 32 61 64 64 64 42 32 32 64 64 64 64
37 64 46 64 64 61 35 64 32 32 46 46 32 37 64 64 64 64 64 64 64 64 64 64 64 64 32 32 64 64 64 64 64 64 64 64 64 64 64 61 45 45 46 58 46 45 46 45 32 32 32 45 45 46 58 45 61 61 64 64 37 64 64 43 64 64 64 64 64 64 43 32 32 32 64 32 32 32 32 64 64 64 64 64 64 64 64 32 32 32 32 32 32 32 32 64 64 32 32 32
64 64 43 37 46 37 64 64 64 58 45 46 32 64 64 64 64 64 64 64 64 32 32 32 32 32 32 32 64 64 35 45 43 61 35 46 32 32 32 32 58 58 45 58 45 32 45 32 32 32 32 32 32 32 32 32 32 32 32 32 32 32 58 46 58 45 58 37 64 64 32 32 64 64 64 64 64 64 64 64 32 32 42 37 64 64 64 32 43 42 64 42 64 42 32 32 32 32 32 32
32 32 32 32 32 32 32 32 32 32 43 43 32 32 32 32 32 32 32 32 32 32 32 32 32 46 32 32 61 64 64 64 64 64 64 64 64 64 64 64 64 64 64 35 43 45 61 61 43 32 45 58 46 61 45 64 64 64 64 64 64 64 64 64 64 64 64 64 64 32 32 64 64 32 64 37 35 35 37 64 64 64 64 64 32 32 32 32 32 32 32 32 32 43 32 64 32 64 64 64
32 32 32 45 58 42 32 61 61 32 32 46 46 32 58 32 61 58 58 42 61 32 32 32 32 32 32 32 32 32 64 64 64 64 64 64 64 64 64 64 35 35 37 43 45 42 42 35 42 35 42 45 35 64 37 64 64 64 64 64 64 64 64 64 64 64 64 43 32 32 64 64 64 64 64 64 64 64 64 64 37 35 32 32 32 32 32 32 32 32 32 32 32 32 32 32 32 32 32 32
64 35 37 37 37 43 64 43 58 32 32 32 32 32 32 46 32 32 58 32 32 58 64 32 32 58 64 35 64 32 32 64 35 32 32 32 32 32 32 32 32 61 64 64 64 64 64 64 37 64 64 64 64 64 64 64 32 32 32 32 32 32 32 43 42 64 64 64 35 43 64 46 32 32 32 32 32 32 32 32 61 32 32 32 46 58 64 43 42 35 64 64 64 64 64 64 58 32 32 32
46 32 32 32 32 32 32 32 61 43 64 64 64 37 35 42 46 64 64 45 32 32 46 45 64 32 32 58 32 64 64 32 32 32 32 32 42 32 32 43 32 45 64 64 64 64 45 64 64 37 64 64 64 64 32 46 32 46 64 64 64 64 32 32 32 32 32 32 32 32 58 35 64 64 64 32 32 32 32 32 32 32 46 58 32 61 32 32 32 32 32 32 32 32 46 46 46 45 64 42
46 32 43 32 64 64 64 32 32 32 32 32 32 32 32 32 61 43 64 64 64 64 64 64 32 64 64 64 32 32 64 64 64 64 64 64 64 64 64 64 42 32 45 32 32 32 32 32 32 32 32 32 45 64 64 64 64 32 32 32 32 32 32 32 32 32 42 35 37 64 32 32 32 32 32 32 64 64 64 64 32 32 32 58 32 32 32 32 32 32 43 32 32 32 32 32 32 32 32 32